85
0
0
85
85
0
85
45
0
85
30
0
85
10
0
85
0
0
85
0
0
85
0
0
85
85
0
85
85
0
85
85
0
85
85
0
85
85
0
70
70
0
70
50
15
70
30
15
70
10
0
60
60
0
60
30
20
60
20
10
60
10
0
40
40
0
40
20
10
40
10
5
40
10
0
30
30
0
30
20
15
30
15
0
30
10
0
20
10
0
170
160
150
170
170
80
170
170
0
170
130
0
170
70
0
170
140
110
150
150
50
150
150
0
150
100
0
150
50
0
150
0
0
130
130
40
130
130
0
130
80
0
130
40
0
130
0
0
120
120
0
120
90
0
120
60
0
120
30
0
120
0
0
100
100
0
100
75
0
100
50
0
100
25
0
100
0
0
90
90
0
90
60
0
90
45
0
109
96
80
200
200
200
200
200
50
180
150
40
160
160
40
140
140
50
120
120
50
100
100
50
200
100
0
200
50
0
200
150
100
180
180
0
180
150
0
180
90
0
180
0
0
160
160
0
160
120
0
160
60
0
160
0
0
140
140
0
140
100
0
140
50
0
140
0
0
120
120
0
120
80
0
120
40
0
120
0
0
100
100
0
100
75
0
100
50
0
100
0
0
