172
86
0
169
85
0
166
43
0
163
82
0
160
80
0
157
79
0
154
154
0
151
76
0
148
74
0
145
73
0
142
35
0
139
70
0
136
68
0
133
67
0
130
130
0
127
64
0
124
62
0
121
61
0
118
31
0
115
58
0
112
56
0
109
55
0
106
106
0
103
52
0
100
50
0
97
49
0
94
23
0
91
46
0
88
44
0
85
43
0
85
43
0
83
42
0
81
41
0
79
21
0
77
39
0
75
38
0
73
37
0
71
71
0
69
35
0
67
34
0
65
33
0
63
17
0
61
31
0
59
30
0
57
29
0
55
55
0
53
27
0
51
26
0
49
25
0
47
13
0
45
23
0
43
22
0
41
21
0
39
39
0
37
19
0
35
18
0
33
17
0
31
9
0
29
15
0
27
14
0
200
200
0
252
126
0
249
125
0
246
63
0
243
122
0
240
120
0
237
119
0
234
234
0
231
116
0
228
114
0
225
113
0
222
57
0
219
110
0
216
108
0
213
107
0
210
210
0
207
104
0
204
102
0
201
101
0
198
51
0
195
98
0
192
96
0
189
95
0
186
186
0
183
92
0
180
90
0
177
89
0
174
45
0
171
86
0
168
84
0