172
86
0
169
85
43
166
43
0
163
82
82
160
80
0
157
79
40
154
154
0
151
76
71
148
74
0
145
73
37
142
35
0
139
70
70
136
68
0
133
67
34
130
130
0
127
64
55
124
62
0
121
61
31
118
31
0
115
58
58
112
56
0
109
55
28
106
106
0
103
52
39
100
50
0
97
49
25
94
23
0
91
46
46
88
44
0
85
43
22
85
43
22
83
42
0
81
41
41
79
21
0
77
39
20
75
38
0
73
37
17
71
71
0
69
35
18
67
34
0
65
33
33
63
17
0
61
31
16
59
30
0
57
29
14
55
55
0
53
27
14
51
26
0
49
25
25
47
13
0
45
23
12
43
22
0
41
21
11
39
39
0
37
19
10
35
18
0
33
17
17
31
9
0
29
15
8
27
14
0
255
127
68
252
126
0
249
125
128
246
63
0
243
122
61
240
120
0
237
119
37
234
234
0
231
116
58
228
114
0
225
113
113
222
57
0
219
110
55
216
108
0
213
107
29
210
210
0
207
104
52
204
102
0
201
101
101
198
51
0
195
98
49
192
96
0
189
95
21
186
186
0
183
92
46
180
90
0
177
89
89
174
45
0
171
86
43
168
84
0
