172
86
0
169
85
43
166
83
0
163
82
41
160
80
0
157
79
40
154
77
0
151
76
38
148
74
0
145
73
37
142
71
0
139
70
35
136
68
0
133
67
34
130
65
0
127
64
32
124
62
0
121
61
31
118
59
0
115
58
29
112
56
0
109
55
28
106
53
0
103
52
26
100
50
0
97
49
25
94
47
0
91
46
23
88
44
0
85
43
22
85
43
22
83
42
0
81
41
21
79
40
0
77
39
20
75
38
0
73
37
19
71
36
0
69
35
18
67
34
0
65
33
17
63
32
0
61
31
16
59
30
0
57
29
15
55
28
0
53
27
14
51
26
0
49
25
13
47
24
0
45
23
12
43
22
0
41
21
11
39
20
0
37
19
10
35
18
0
33
17
9
31
16
0
29
15
8
27
14
0
255
128
64
252
126
0
249
125
63
246
123
0
243
122
61
240
120
0
237
119
60
234
117
0
231
116
58
228
114
0
225
113
57
222
111
0
219
110
55
216
108
0
213
107
54
210
105
0
207
104
52
204
102
0
201
101
51
198
99
0
195
98
49
192
96
0
189
95
48
186
93
0
183
92
46
180
90
0
177
89
45
174
87
0
171
86
43
168
84
0
