176
163
0
175
177
0
174
172
1
173
134
2
172
75
3
171
143
10
153
156
53
154
150
6
155
100
5
156
53
4
157
0
2
130
50
20
130
125
3
130
81
9
130
43
8
130
0
7
120
127
6
120
90
5
120
60
4
120
30
3
120
23
8
100
91
7
100
72
6
100
53
5
100
25
4
100
4
3
90
88
2
90
65
1
90
45
3
109
96
40
85
0
1
85
40
3
85
45
5
85
30
7
89
40
8
88
10
9
87
0
0
86
0
0
85
60
1
84
60
2
83
60
3
82
60
4
81
40
5
70
70
7
70
50
15
70
30
15
70
10
3
60
60
0
60
30
20
60
20
10
60
10
4
44
40
3
43
20
10
42
10
5
41
10
0
31
30
0
32
20
15
33
15
7
34
10
2
25
10
3
210
190
0
210
153
0
210
150
40
210
160
40
210
120
50
210
80
50
210
100
40
205
100
22
205
170
100
205
140
80
205
100
20
205
150
19
205
90
18
200
0
17
200
160
16
200
120
15
200
60
14
200
104
50
190
140
12
190
100
11
190
50
10
190
118
50
180
60
8
180
80
7
180
200
0
180
100
82
170
80
4
170
75
3
170
50
2
170
100
102
210
210
150
210
190
175
210
175
150
210
150
100
210
100
50
210
75
10
220
220
175
220
220
175
220
220
150
220
220
100
220
220
50
230
230
200
230
230
175
230
230
151
230
230
103
230
230
50
240
240
200
240
240
175
240
240
150
240
240
100
240
240
50
250
250
200
250
250
175
250
250
150
250
250
100
255
255
200
255
210
200
255
200
150
255
150
100
255
100
75