176
163
0
175
177
0
174
172
1
173
134
2
172
75
3
171
143
10
153
156
53
154
150
6
155
100
5
156
53
4
157
0
2
130
50
20
130
125
3
130
81
9
130
43
8
130
0
7
120
127
6
120
90
5
120
60
4
120
30
3
120
23
8
100
91
7
100
72
6
100
53
5
100
25
4
100
4
3
90
88
2
90
65
1
90
45
3
109
96
40
85
0
1
85
40
3
85
45
5
85
30
7
89
40
8
88
10
9
87
0
0
86
0
0
85
60
1
84
60
2
83
60
3
82
60
4
81
40
5
70
70
7
70
50
15
70
30
15
70
10
3
60
60
0
60
30
20
60
20
10
60
10
4
44
40
3
43
20
10
42
10
5
41
10
0
31
30
0
32
20
15
33
15
7
34
10
2
25
10
3
200
190
0
200
153
0
180
150
40
164
160
40
143
120
50
122
80
50
204
100
40
203
100
22
202
170
100
201
140
80
180
100
20
183
150
19
182
90
18
181
0
17
160
160
16
160
120
15
160
60
14
145
104
50
140
140
12
140
100
11
140
50
10
154
118
50
127
60
8
128
80
7
210
200
0
230
100
82
210
80
4
210
75
3
210
50
2
160
100
10