170
160
150
170
170
80
170
170
0
170
130
0
170
70
0
170
140
110
150
150
50
150
137
0
169
166
19
165
128
42
175
159
35
169
166
19
165
128
42
161
159
35
158
140
115
155
139
123
153
64
41
153
121
40
151
152
89
151
149
110
150
149
109
144
54
43
141
68
48
142
141
116
161
148
137
141
133
117
164
131
62
186
123
50
151
126
109
190
130
97
85
0
0
85
85
0
85
45
0
85
30
0
85
10
0
85
0
0
85
0
0
85
0
0
85
85
0
85
85
0
85
85
0
85
85
0
85
85
0
70
70
0
70
50
15
70
30
15
70
10
0
60
60
0
60
30
20
60
20
10
60
10
0
40
40
0
40
20
10
40
10
5
40
10
0
30
30
0
30
20
15
30
15
0
30
10
0
20
10
0
214
143
35
235
128
128
233
129
126
196
141
76
194
152
118
191
144
49
186
148
50
175
137
129
169
166
19
165
128
42
161
159
35
158
140
115
155
139
123
153
64
41
153
121
40
151
120
79
160
152
89
160
0
0
140
140
0
140
100
0
140
50
0
140
0
0
120
120
0
120
80
0
120
40
0
205
133
127
204
190
127
181
123
65
208
108
84
221
106
90
